100 10
0 58 13 141 126 115 72 53 280 45 217 17 16 48 112 120 259 14 288 102 280 215 113 230 143 4 82 217 175 143 80 111 173 53 48 195 50 184 177 136 23 236 275 64 194 41 283 151 186 296 99 36 24 117 149 41 120 52 195 143 233 187 84 190 182 108 137 37 88 274 126 84 237 195 139 286 113 167 29 118 17 162 206 138 34 109 291 162 109 256 203 235 74 136 72 127 288 276 135 220 299 205 186 113 71 261 253 47 25 57 79 82 217 33 198 196 240 271 129 284 6 59 275 137 175 58 151 223 81 233 2 135 257 92 260 55 153 260 102 79 192 83 277 272 1 166 251 10 58 186 158 123 30 124 291 41 44 249 36 273 65 66 244 282 85 136 271 217 109 277 103 160 205 192 225 265 232 62 127 116 33 174 11 284 118 113 4 37 31 118 35 17 170 37 264 122 143 249 110 277 68
58 0 293 296 243 125 243 209 98 49 50 221 182 217 211 240 28 51 32 207 174 56 128 99 98 275 230 72 217 94 143 237 128 39 227 282 51 26 277 8 48 122 86 209 249 247 110 206 31 85 195 2 200 136 233 147 217 285 250 80 98 152 112 30 297 278 32 161 30 26 245 258 272 81 30 261 42 96 36 35 121 207 62 292 127 297 21 42 215 299 290 268 162 134 105 161 123 136 203 68 154 235 162 38 5 235 289 52 38 276 110 260 136 68 179 36 126 190 146 81 225 279 155 271 5 284 154 54 69 136 60 55 284 80 140 145 108 176 105 136 259 251 129 27 48 217 142 23 2 171 67 135 83 227 283 219 288 5 58 39 77 280 19 190 299 283 76 221 66 22 158 187 21 184 108 128 53 182 287 209 80 122 84 91 212 13 92 171 211 128 137 82 56 196 20 241 114 103 236 180 157
13 293 0 117 115 13 99 205 169 143 36 143 180 261 205 275 170 15 60 134 92 298 136 20 56 223 177 161 224 262 60 198 296 98 131 23 224 1 267 276 101 187 221 36 170 161 64 154 260 159 210 168 207 152 284 66 99 216 195 90 292 155 208 281 1 156 147 108 221 297 165 239 227 227 110 262 243 87 44 146 264 172 48 121 159 116 102 76 13 24 126 244 38 234 213 295 100 197 254 205 125 76 3 55 218 113 91 266 238 26 286 128 63 234 69 238 272 287 163 227 259 219 281 229 82 244 231 133 127 142 267 249 123 141 226 40 147 121 140 172 164 277 42 71 78 119 197 79 110 33 213 209 170 278 239 213 32 106 216 200 11 295 195 245 4 181 153 200 215 276 280 113 250 113 140 224 249 15 200 173 208 85 240 66 274 14 202 289 14 43 220 70 237 94 26 134 195 168 109 233 168
141 296 117 0 173 195 143 216 130 42 241 10 277 27 180 115 36 21 16 127 103 11 79 123 65 243 59 289 112 239 132 189 86 59 84 160 56 297 14 160 295 193 204 102 39 125 53 155 62 290 22 178 273 220 190 36 260 175 7 216 251 55 222 186 236 79 223 91 268 139 276 248 239 224 138 166 126 45 143 231 125 238 292 195 173 15 254 167 94 250 109 182 133 175 144 142 285 6 265 98 44 124 209 251 285 124 244 252 230 9 48 151 114 208 125 157 298 189 243 284 272 177 218 282 170 181 233 139 157 129 119 62 99 162 62 275 95 99 111 248 142 269 145 52 100 152 117 185 92 155 8 274 65 141 24 28 284 150 65 252 53 7 294 146 241 246 226 175 95 27 130 245 59 34 206 252 38 296 28 78 77 289 156 44 128 61 286 214 116 268 195 231 227 153 220 157 292 31 51 107 109
126 243 115 173 0 136 42 81 123 89 283 39 81 2 210 231 241 150 17 119 148 145 233 37 120 136 102 218 59 279 116 77 137 73 37 31 85 158 292 148 225 64 240 156 207 140 257 277 253 225 42 21 222 166 129 14 47 118 295 11 138 296 21 90 241 266 227 143 93 224 252 47 241 179 210 171 165 54 83 169 211 254 148 206 282 19 233 46 162 130 166 60 207 264 1 278 237 212 28 97 266 186 256 227 27 105 137 282 68 148 225 249 63 15 123 82 160 283 8 283 209 48 116 59 237 61 79 256 150 261 140 213 248 242 125 234 283 75 197 98 261 70 36 142 213 175 260 137 2 145 153 297 251 77 229 276 248 177 171 283 279 194 234 165 97 123 293 197 120 211 23 163 243 196 198 78 254 19 65 258 170 52 226 52 270 234 8 74 210 80 39 241 136 174 204 42 169 274 195 163 250
115 125 13 195 136 0 278 19 36 121 148 117 47 223 51 52 228 86 154 15 24 167 29 151 184 192 221 75 126 272 211 290 93 88 90 41 196 124 255 299 74 119 237 131 236 131 5 239 148 280 81 38 227 177 154 218 129 234 155 102 197 248 55 122 196 293 184 295 152 152 12 203 141 5 290 26 255 147 118 181 113 98 129 71 50 21 159 226 18 297 187 68 47 152 168 213 90 103 68 277 188 272 257 140 85 132 247 152 174 59 240 39 73 116 204 286 188 47 203 8 136 275 64 233 189 135 196 191 56 120 242 13 288 168 114 33 238 155 210 60 72 24 20 156 253 60 50 121 276 70 199 233 190 277 215 80 213 51 251 209 144 17 190 112 228 228 121 186 51 189 279 184 32 204 142 98 63 233 47 109 11 26 171 125 65 290 106 36 284 107 111 120 169 76 2 142 75 67 277 129 90
72 243 99 143 42 278 0 57 14 68 8 184 122 166 9 90 136 27 65 216 270 59 33 244 230 186 263 56 232 258 114 23 267 155 235 16 32 246 206 219 56 252 228 38 42 165 76 34 65 141 281 167 196 272 151 233 259 221 51 59 283 111 221 232 117 212 174 233 205 213 49 161 219 161 131 192 79 243 35 47 44 48 222 50 191 67 285 31 288 288 169 63 211 182 217 27 148 160 181 54 296 260 109 80 247 115 56 180 285 189 59 143 294 116 220 288 286 14 137 15 93 140 159 174 180 4 93 74 290 206 36 73 16 47 272 111 193 215 233 175 81 190 160 167 291 44 27 80 81 26 42 140 227 218 249 227 213 140 111 263 59 177 221 57 146 250 270 158 24 113 203 29 4 105 155 109 71 131 149 168 62 4 255 221 90 67 195 273 118 257 287 182 37 204 22 224 10 236 40 161 295
53 209 205 216 81 19 57 0 220 294 208 214 149 59 208 11 167 88 236 186 46 224 55 125 224 206 269 41 203 159 174 114 171 87 40 262 59 272 262 100 179 180 76 121 53 75 132 102 89 79 39 91 253 238 289 297 230 290 166 162 78 226 35 241 227 156 141 29 181 260 38 159 237 232 20 30 189 147 40 47 260 197 237 298 284 22 231 293 97 165 244 257 78 32 231 53 176 44 259 89 21 127 225 225 269 268 82 187 191 145 199 210 174 27 172 34 169 49 286 198 146 130 77 171 42 299 73 180 159 201 67 44 159 287 193 169 66 270 48 217 261 186 10 186 159 93 110 175 249 99 116 71 80 40 152 52 260 277 270 20 173 68 193 79 84 93 85 225 23 211 187 122 228 146 230 120 274 123 159 241 100 189 293 226 237 145 196 258 271 215 83 103 71 129 27 247 191 284 53 265 64
280 98 169 130 123 36 14 220 0 146 43 83 140 231 263 76 224 47 114 231 179 14 213 28 203 258 192 121 198 42 192 115 15 164 51 172 75 71 20 147 242 72 241 230 3 41 10 132 111 77 281 271 217 57 148 122 155 63 25 123 215 235 33 57 256 275 9 264 295 124 74 150 220 1 181 124 293 214 96 44 269 185 35 270 279 260 260 284 11 200 241 23 199 192 130 9 183 35 177 124 54 298 171 69 23 181 280 174 90 238 246 94 70 33 235 19 151 104 23 103 22 162 159 264 204 279 243 130 19 98 147 183 25 170 140 64 189 224 205 226 198 174 96 255 255 189 266 137 43 218 41 221 93 280 151 165 53 41 168 152 157 229 219 86 228 180 229 22 181 223 141 30 39 208 187 263 82 16 74 225 18 65 35 121 188 186 197 291 17 79 231 190 191 228 40 294 71 272 188 204 161
45 49 143 42 89 121 68 294 146 0 143 128 59 14 96 256 266 199 288 61 135 134 229 110 147 252 103 63 70 38 232 89 228 45 164 178 34 282 278 149 154 81 90 186 261 115 63 103 72 122 253 14 185 284 294 189 240 283 67 45 34 159 204 246 270 211 210 295 38 65 163 38 231 239 265 177 66 283 94 67 222 258 29 64 266 79 156 85 83 166 116 178 266 146 41 129 101 283 141 65 156 274 48 258 87 298 79 88 173 289 22 15 42 24 296 136 108 293 214 16 255 280 149 155 248 126 208 153 233 38 31 81 226 213 248 238 105 175 74 161 164 177 205 67 190 264 288 55 164 124 239 63 137 231 127 73 50 26 149 197 215 128 82 168 296 161 98 82 256 264 240 256 158 255 12 47 202 259 235 124 111 299 181 25 26 145 254 241 147 275 5 56 221 69 136 188 207 188 24 206 27
217 50 36 241 283 148 8 208 43 143 0 292 288 100 186 284 148 38 198 259 231 282 144 61 66 50 202 192 174 286 188 74 102 261 206 257 21 24 20 71 171 243 266 234 77 264 72 168 164 84 202 154 173 260 261 273 251 289 154 244 9 189 170 57 214 299 158 14 243 136 297 296 117 27 299 246 88 269 195 76 125 17 294 57 98 10 226 161 215 78 212 105 211 257 242 32 71 266 107 288 167 245 270 193 161 89 236 273 176 280 182 136 248 99 127 143 286 153 116 153 148 107 251 163 246 179 287 141 148 63 294 279 195 203 177 75 149 22 148 41 178 227 132 246 110 104 276 139 288 140 71 56 123 125 26 272 116 120 27 52 212 170 242 52 71 3 282 81 209 244 245 103 148 165 147 31 46 294 119 274 20 90 214 91 19 204 254 96 149 20 5 153 291 55 172 146 233 279 269 253 69
17 221 143 10 39 117 184 214 83 128 292 0 259 240 140 99 58 170 84 235 132 96 8 173 152 291 99 90 208 219 264 168 45 206 49 95 72 245 166 128 4 134 197 121 229 137 169 155 299 294 6 134 185 121 32 61 239 158 82 208 258 160 61 152 189 114 113 69 245 79 233 192 213 282 242 276 112 127 42 270 229 271 186 40 289 58 32 281 259 104 294 275 77 85 168 267 227 60 106 299 251 47 262 229 29 233 68 263 213 234 289 30 287 237 158 12 203 131 2 112 297 38 24 217 177 33 278 31 36 242 17 147 210 93 70 216 192 196 230 194 193 42 277 69 179 61 92 276 202 271 66 115 2 12 153 238 279 218 273 195 118 127 236 178 80 142 97 58 17 215 9 124 106 35 52 18 229 25 126 23 206 225 120 277 112 29 72 258 149 120 295 164 296 165 122 155 74 267 114 212 154
16 182 180 277 81 47 122 149 140 59 288 259 0 141 32 286 90 219 285 254 25 177 196 269 164 214 210 77 154 193 95 276 243 124 116 154 74 238 30 288 212 214 286 272 69 199 125 131 105 170 41 231 190 48 275 98 27 138 194 21 38 97 287 112 246 107 171 156 8 109 98 61 246 125 105 204 123 283 165 145 195 239 274 184 158 134 185 263 255 239 51 241 164 105 190 161 212 24 289 114 75 9 134 284 297 214 152 79 101 169 118 195 292 126 256 282 173 132 251 252 236 87 181 87 72 280 251 95 278 31 269 18 39 25 4 212 71 119 35 78 5 112 259 234 192 31 248 250 9 4 273 283 211 7 9 272 141 275 147 9 258 221 92 55 50 269 77 124 99 270 130 182 137 204 41 192 208 236 290 125 116 154 42 17 48 208 195 194 283 244 29 5 88 43 256 223 170 290 49 271 22
48 217 261 27 2 223 166 59 231 14 100 240 141 0 118 109 291 244 139 24 39 144 279 289 17 92 162 9 107 74 204 40 154 84 289 124 291 200 277 170 197 72 41 257 178 28 51 224 119 39 175 204 168 16 140 231 252 117 183 284 193 222 96 195 44 152 127 38 43 138 79 195 79 200 163 185 55 47 3 158 228 185 139 53 68 45 96 221 230 286 285 263 209 53 14 46 182 284 48 167 198 7 150 212 199 44 287 125 293 267 87 195 87 72 138 155 138 253 75 33 86 223 142 216 154 248 40 185 129 127 254 101 235 55 70 156 4 203 171 195 169 226 172 221 70 154 165 103 246 161 91 204 164 150 252 295 125 167 193 144 202 187 59 289 103 280 93 282 14 237 108 225 150 36 210 256 72 156 124 130 79 217 194 38 230 246 299 206 274 260 215 279 19 185 275 44 56 128 182 86 23
112 211 205 180 210 51 9 208 263 96 186 140 32 118 0 289 205 170 221 55 6 51 133 114 262 266 286 298 295 114 229 192 201 238 257 78 177 13 248 54 152 213 44 60 73 179 160 176 234 106 267 248 179 244 50 225 232 164 35 154 23 59 12 176 56 85 125 265 90 283 82 170 287 219 237 119 208 95 96 222 203 15 102 231 220 200 3 110 106 143 33 296 53 275 96 188 167 101 235 59 135 251 271 161 199 201 59 179 181 235 89 153 44 69 161 61 123 157 60 94 192 73 262 199 215 71 295 197 217 96 250 276 89 285 86 251 148 72 96 162 231 28 184 5 249 70 100 197 288 259 254 210 252 213 228 251 86 43 290 16 113 150 17 141 116 276 148 87 235 290 254 282 262 58 294 59 138 279 188 278 22 226 280 112 218 53 127 153 17 231 135 179 45 225 61 122 108 180 220 85 72
120 240 275 115 231 52 90 11 76 256 284 99 286 109 289 0 106 106 31 292 180 273 144 276 87 166 150 149 294 137 264 49 70 211 31 142 65 68 128 75 165 127 202 251 73 296 138 213 193 232 39 48 207 264 143 189 233 250 168 298 2 48 235 184 33 274 204 112 220 109 254 138 166 146 173 281 296 67 290 249 176 25 24 51 236 9 64 81 226 234 1 220 104 68 155 82 141 48 185 129 43 191 85 27 203 157 120 220 47 49 1 110 245 40 68 116 266 228 5 5 176 62 217 68 245 37 118 197 46 53 53 161 189 154 71 196 69 74 36 272 289 5 85 226 180 110 78 211 227 112 45 52 72 64 197 180 220 162 72 127 142 44 128 284 146 14 155 106 266 261 97 201 152 28 123 254 198 58 124 256 37 271 7 185 163 68 199 292 216 188 280 89 242 38 9 35 8 135 111 21 31
259 28 170 36 241 228 136 167 224 266 148 58 90 291 205 106 0 204 260 147 257 213 217 206 43 275 276 79 143 43 159 41 262 105 80 275 168 201 34 159 224 123 30 126 45 223 60 233 29 159 90 62 7 71 6 84 255 178 268 265 133 86 191 65 138 61 16 172 220 140 269 33 135 296 40 255 234 262 185 29 256 291 86 189 81 131 53 294 60 117 261 2 23 7 126 24 242 187 197 77 92 19 284 215 115 165 128 214 164 139 40 293 191 62 258 27 92 115 265 24 206 36 239 145 160 168 45 284 234 5 189 103 150 289 156 125 238 189 253 101 280 126 78 4 210 13 120 278 178 5 172 1 193 158 54 106 272 122 215 252 31 73 144 48 23 119 267 212 191 235 44 298 49 259 69 202 39 291 32 223 67 122 150 134 162 202 168 163 232 140 120 39 104 70 56 80 55 85 231 239 161
14 51 15 21 150 86 27 88 47 199 38 170 219 244 170 106 204 0 209 62 275 184 107 232 158 238 136 62 47 81 156 21 111 168 76 47 128 183 203 263 26 154 134 90 16 208 232 285 282 128 49 237 53 72 63 7 32 114 67 102 206 191 44 299 133 39 12 34 102 228 66 48 170 63 22 237 26 87 294 222 203 255 16 196 219 89 182 110 96 141 144 229 77 18 126 152 256 211 282 246 32 45 144 197 71 215 103 270 128 279 10 196 184 246 279 249 177 290 258 165 199 139 93 14 164 113 16 144 30 242 272 184 120 82 52 127 124 137 274 29 113 295 199 182 89 91 122 163 184 15 181 291 289 73 289 97 253 278 159 90 252 20 47 29 120 113 11 270 245 1 170 104 67 175 91 166 31 12 76 73 57 270 187 38 192 203 52 173 155 166 70 81 224 250 163 90 288 183 115 90 194
288 32 60 16 17 154 65 236 114 288 198 84 285 139 221 31 260 209 0 158 151 66 91 1 294 201 291 17 94 163 114 290 54 255 73 170 40 122 178 164 86 46 172 229 6 136 108 128 35 180 132 56 1 25 198 225 215 86 212 253 194 180 280 193 52 246 296 116 84 232 38 18 151 11 164 134 54 38 176 88 193 83 39 281 48 174 248 16 221 85 223 81 28 52 170 106 98 210 284 277 136 145 153 122 50 26 202 293 282 252 79 28 185 2 219 45 151 246 103 50 14 106 88 150 42 243 60 158 204 242 251 136 47 279 199 95 190 196 190 96 229 23 135 226 239 135 116 138 289 32 78 50 44 177 278 212 117 284 32 199 268 215 275 244 294 121 244 154 41 203 18 258 293 265 293 76 62 230 89 86 109 99 65 22 217 41 223 104 76 133 164 35 45 199 285 204 283 167 142 267 235
102 207 134 127 119 15 216 186 231 61 259 235 254 24 55 292 147 62 158 0 7 268 215 58 213 77 76 291 299 52 55 289 52 147 275 177 211 136 197 249 293 243 20 89 142 207 74 206 20 203 170 122 26 244 138 191 11 173 156 160 144 252 51 117 69 154 227 165 138 214 46 97 227 109 209 249 265 192 29 264 82 34 160 260 207 70 269 292 15 89 99 103 30 128 17 234 26 185 102 141 189 238 259 204 64 16 124 191 251 229 91 243 283 180 177 84 133 47 146 15 198 26 84 293 110 114 116 106 138 210 263 11 5 243 68 89 5 115 130 157 141 217 193 179 236 130 112 239 155 267 204 53 4 262 192 288 145 153 56 247 33 173 142 167 142 134 153 97 77 265 124 30 207 164 72 14 255 152 133 215 208 199 19 299 293 98 176 114 274 244 184 260 154 88 286 93 151 50 242 66 133
280 174 92 103 148 24 270 46 179 135 231 132 25 39 6 180 257 275 151 7 0 287 94 172 46 114 182 115 158 216 170 191 134 151 238 61 241 28 299 298 37 242 100 257 62 196 272 153 212 28 78 71 103 176 210 292 235 74 162 93 42 250 171 91 161 30 3 232 141 108 87 296 82 251 46 67 223 220 207 220 245 197 3 20 274 103 192 8 165 272 98 10 3 128 116 177 160 67 53 197 258 157 86 34 24 153 149 234 267 269 173 223 69 176 251 184 97 85 207 10 117 115 68 109 12 259 87 64 188 20 193 131 274 25 25 56 11 25 60 214 228 195 64 281 130 243 79 106 5 155 216 52 267 139 71 215 54 262 61 145 59 55 255 102 103 135 268 104 184 210 152 83 21 281 255 107 247 170 121 2 7 46 57 294 253 77 47 262 39 52 132 119 234 152 136 238 26 52 90 21 149
215 56 298 11 145 167 59 224 14 134 282 96 177 144 51 273 213 184 66 268 287 0 185 161 219 60 49 24 5 71 88 169 184 225 138 48 191 176 94 59 206 205 234 140 198 245 216 86 58 68 31 82 54 214 248 292 225 93 195 184 15 67 248 250 58 211 226 24 33 134 161 7 269 296 290 115 174 266 268 49 222 128 247 178 198 77 286 28 6 81 259 241 254 85 39 252 165 124 170 143 26 260 115 282 194 207 121 41 236 228 294 230 46 256 229 162 61 255 10 53 207 212 19 286 282 1 47 156 261 288 106 234 175 187 28 115 233 170 287 243 187 232 59 50 114 2 175 182 150 281 268 192 55 24 85 253 72 210 55 131 101 97 62 202 111 235 98 174 56 213 24 64 231 235 259 69 256 3 272 25 284 222 248 261 91 297 89 66 54 199 165 259 197 215 128 141 204 176 151 232 69
113 128 136 79 233 29 33 55 213 229 144 8 196 279 133 144 217 107 91 215 94 185 0 71 212 263 154 281 161 284 112 103 108 149 177 68 92 258 278 166 60 181 288 246 299 293 214 274 147 217 7 268 55 13 196 75 28 29 103 137 83 147 129 75 32 152 105 278 17 184 232 53 288 115 288 200 122 262 148 25 196 199 214 161 283 28 7 129 104 227 116 189 280 101 100 151 230 91 39 96 89 264 62 194 21 220 143 285 136 67 83 131 3 170 239 80 21 79 166 27 155 252 294 282 184 38 163 270 113 95 267 35 259 82 213 279 275 207 48 179 114 110 170 170 185 151 112 272 244 288 5 59 178 229 124 125 21 165 196 59 198 132 277 145 13 265 192 264 261 229 250 23 152 99 165 264 43 50 86 276 274 4 34 108 110 218 54 106 276 223 37 79 13 236 170 20 45 38 28 92 129
230 99 20 123 37 151 244 125 28 110 61 173 269 289 114 276 206 232 1 58 172 161 71 0 286 37 295 117 133 209 199 231 208 222 162 9 200 61 274 4 33 24 38 184 258 55 149 155 45 145 225 196 203 16 243 81 274 113 70 201 280 152 74 153 192 6 284 285 73 64 22 3 294 202 276 281 44 157 108 177 109 212 263 73 83 95 114 130 100 59 93 291 28 282 237 282 38 149 35 129 51 102 298 250 170 183 66 121 52 146 36 100 163 249 231 169 157 79 290 291 187 162 220 87 3 161 127 114 224 142 185 69 170 246 237 229 184 157 250 283 56 90 42 144 72 276 101 135 40 39 10 260 16 298 297 208 109 19 283 134 279 277 242 77 188 201 115 149 69 238 257 262 47 204 187 258 6 123 85 264 72 229 82 92 290 290 75 248 184 21 113 250 119 33 136 190 120 22 106 266 185
143 98 56 65 120 184 230 224 203 147 66 152 164 17 262 87 43 158 294 213 46 219 212 286 0 199 241 233 24 21 166 53 267 141 135 297 279 292 90 193 194 188 40 265 129 193 115 265 208 181 177 250 247 4 257 72 226 85 118 40 264 144 109 77 96 81 186 61 118 213 170 59 247 246 246 108 83 211 12 125 23 66 294 83 69 263 21 294 76 29 86 133 93 265 208 289 10 146 44 111 230 242 247 88 113 211 74 299 94 262 136 86 176 233 36 118 194 198 68 56 9 104 268 259 215 77 50 91 244 20 273 258 61 48 247 67 277 1 221 268 216 190 23 272 220 118 247 196 180 295 51 218 69 131 245 120 43 146 279 210 132 97 3 4 296 268 61 267 4 193 106 162 210 186 55 80 219 130 134 275 217 290 188 142 204 105 212 283 286 248 92 190 287 285 248 130 158 296 177 204 71
4 275 223 243 136 192 186 206 258 252 50 291 214 92 266 166 275 238 201 77 114 60 263 37 199 0 61 118 229 83 52 110 261 206 174 282 27 83 200 3 47 75 242 223 46 33 135 114 190 41 20 197 206 267 147 30 90 254 225 6 104 266 147 100 18 262 265 119 87 19 185 123 1 81 45 142 205 181 203 208 103 266 8 36 47 282 146 287 299 179 178 142 116 100 233 207 295 3 134 90 209 260 55 287 38 258 151 175 60 263 132 276 295 129 227 194 289 248 125 174 235 236 15 247 60 133 35 196 113 118 162 212 181 265 275 5 135 128 148 48 205 176 39 284 92 244 161 182 112 294 138 94 98 256 103 121 124 136 106 118 104 128 183 80 55 62 41 253 4 278 22 247 191 162 253 295 141 252 94 262 144 204 114 296 66 28 270 217 245 277 17 258 178 202 90 235 62 266 236 162 5
82 230 177 59 102 221 263 269 192 103 202 99 210 162 286 150 276 136 291 76 182 49 154 295 241 61 0 7 108 195 298 52 167 186 133 96 281 135 122 138 242 176 188 95 256 218 108 215 191 187 206 144 231 93 293 68 295 118 52 139 121 285 222 196 101 75 77 243 5 91 216 256 69 265 274 162 250 154 129 288 291 25 204 51 84 31 111 131 244 50 231 172 134 185 185 287 286 132 177 11 211 63 180 102 296 295 276 90 146 182 167 262 250 229 41 196 147 238 75 86 173 216 293 208 37 41 83 176 117 161 163 150 137 203 139 228 186 267 231 212 86 95 12 65 121 129 41 108 86 204 53 49 33 243 281 28 14 204 269 43 54 135 80 44 200 159 118 127 146 227 65 68 270 88 15 18 183 167 244 240 277 140 281 228 70 277 91 234 289 223 269 274 159 178 247 277 117 46 227 158 188
217 72 161 289 218 75 56 41 121 63 192 90 77 9 298 149 79 62 17 291 115 24 281 117 233 118 7 0 212 134 80 156 6 1 268 70 177 147 241 274 5 252 245 154 5 221 150 119 4 281 192 97 211 288 224 203 128 84 200 194 113 135 41 217 123 265 140 146 273 138 212 97 36 94 70 149 57 234 232 140 252 97 165 10 78 26 274 12 96 53 145 138 65 225 5 120 47 78 8 253 112 176 216 160 256 191 238 17 170 42 75 29 137 201 37 279 241 93 99 129 196 7 63 128 198 227 127 18 102 236 49 267 107 243 200 160 166 82 22 282 267 63 130 247 153 102 185 27 112 58 121 223 167 8 86 142 62 203 125 5 22 298 244 80 191 46 128 81 256 47 174 31 31 183 79 275 55 65 250 120 163 286 178 225 99 11 194 184 69 129 21 249 225 287 151 278 251 98 291 96 279
175 217 224 112 59 126 232 203 198 70 174 208 154 107 295 294 143 47 94 299 158 5 161 133 24 229 108 212 0 179 166 240 141 284 83 36 272 80 231 152 135 278 188 233 1 260 195 95 10 187 123 165 33 276 199 98 269 255 283 79 145 166 210 165 57 50 268 35 23 67 92 17 104 55 249 99 51 17 293 199 251 270 132 26 188 114 37 7 107 252 41 240 32 185 286 213 189 30 137 271 21 37 156 40 111 266 50 52 119 273 198 98 99 270 128 292 92 286 286 213 55 296 184 235 219 54 86 93 282 206 259 173 81 274 227 181 162 282 167 191 212 221 166 124 289 280 110 193 282 131 185 232 230 204 1 18 146 9 266 70 155 4 154 114 110 162 12 142 284 262 285 293 293 80 49 20 236 183 80 71 136 188 299 128 120 132 154 48 293 205 292 112 40 167 248 89 250 296 49 154 20
143 94 262 239 279 272 258 159 42 38 286 219 193 74 114 137 43 81 163 52 216 71 284 209 21 83 195 134 179 0 296 196 41 29 172 179 223 214 62 117 6 196 28 157 269 22 164 277 290 77 168 258 114 79 26 202 229 295 259 47 114 222 149 202 76 68 173 43 244 293 26 281 205 135 44 205 257 223 67 70 247 287 102 250 203 293 101 288 269 127 125 37 137 221 166 295 46 58 212 217 188 179 98 165 177 13 157 87 180 227 75 226 23 120 103 192 80 44 58 28 125 76 148 8 176 57 157 231 242 12 170 108 276 109 105 280 268 133 281 248 73 10 193 299 270 23 131 88 31 146 103 139 28 239 5 35 199 139 185 56 10 150 198 119 195 261 51 162 249 273 46 96 102 257 235 288 12 21 127 272 157 171 251 202 81 10 178 181 182 155 121 257 142 32 132 199 16 285 144 116 78
80 143 60 132 116 211 114 174 192 232 188 264 95 204 229 264 159 156 114 55 170 88 112 199 166 52 298 80 166 296 0 175 202 71 45 196 267 117 214 124 294 79 219 160 169 230 278 68 106 71 298 278 104 71 159 269 70 221 75 290 81 163 35 286 273 61 95 163 75 16 164 212 211 156 227 141 78 97 55 68 95 14 137 291 119 119 119 14 184 41 245 69 258 241 192 95 199 252 243 71 84 99 116 17 210 8 139 212 114 104 105 34 91 225 251 167 235 127 219 208 22 195 161 202 293 275 269 20 267 56 232 234 22 126 266 276 203 21 286 199 265 26 98 150 226 204 156 147 237 86 217 151 28 265 73 238 232 47 257 58 93 280 70 202 212 166 231 13 92 233 104 233 47 129 166 84 64 47 59 231 186 44 269 197 262 82 194 282 195 23 88 172 290 77 84 75 92 27 215 158 159
111 237 198 189 77 290 23 114 115 89 74 168 276 40 192 49 41 21 290 289 191 169 103 231 53 110 52 156 240 196 175 0 229 148 93 61 68 104 2 130 7 235 255 256 279 3 253 122 112 244 233 210 227 41 4 126 281 143 286 107 26 95 76 29 179 19 75 17 296 153 170 45 26 56 214 92 83 146 294 288 91 234 297 185 19 48 154 166 189 195 35 219 282 34 150 242 69 63 141 169 270 212 269 108 108 30 56 293 271 45 248 148 219 163 133 270 295 182 67 289 255 267 255 253 93 120 149 100 1 61 13 239 61 107 213 212 24 171 180 287 109 6 104 145 131 35 158 154 260 282 166 4 59 171 175 203 292 15 90 100 170 174 246 243 19 70 247 80 236 275 172 237 212 29 267 154 290 162 285 275 10 107 296 170 182 34 77 144 16 174 193 274 85 293 200 96 60 158 162 17 140
173 128 296 86 137 93 267 171 15 228 102 45 243 154 201 70 262 111 54 52 134 184 108 208 267 261 167 6 141 41 202 229 0 212 45 255 122 191 232 155 111 269 155 90 58 192 20 104 48 228 260 13 248 257 79 98 175 248 269 159 168 74 51 265 68 106 19 236 199 268 60 3 160 23 45 171 240 24 53 267 160 12 296 160 108 165 103 99 147 142 273 164 226 61 140 77 81 141 59 8 287 264 53 106 278 180 282 164 139 73 146 294 126 88 37 160 174 277 228 26 67 15 242 26 55 197 28 45 219 201 92 229 183 160 171 102 274 41 239 291 68 48 240 50 234 159 239 241 119 115 74 133 187 201 94 170 167 233 250 16 34 244 58 180 246 237 88 145 179 295 66 261 53 208 55 167 285 37 155 273 237 206 212 123 125 281 82 247 197 34 175 107 221 223 291 176 279 121 89 40 294
53 39 98 59 73 88 155 87 164 45 261 206 124 84 238 211 105 168 255 147 151 225 149 222 141 206 186 1 284 29 71 148 212 0 250 59 238 167 285 50 228 91 158 208 36 56 195 168 254 32 47 112 72 298 1 76 77 232 273 150 200 296 229 101 106 163 154 292 156 223 177 46 299 5 262 207 66 151 32 190 282 28 1 287 184 57 145 16 121 222 202 163 196 208 196 223 280 109 89 244 72 97 285 197 185 214 79 148 65 69 6 37 9 74 250 224 70 44 71 213 234 218 93 233 261 218 283 231 197 182 116 96 218 4 296 256 122 257 138 211 280 296 188 18 20 291 248 189 58 298 247 41 73 270 144 239 265 41 268 46 126 242 40 277 297 160 28 176 274 6 241 233 263 241 294 170 216 181 151 149 86 19 156 289 134 32 243 297 87 294 27 150 14 147 249 43 65 259 40 143 130
48 227 131 84 37 90 235 40 51 164 206 49 116 289 257 31 80 76 73 275 238 138 177 162 135 174 133 268 83 172 45 93 45 250 0 68 144 141 132 8 58 90 78 229 190 90 134 121 249 93 271 17 176 44 75 79 254 212 197 122 226 86 108 296 177 28 136 60 27 86 238 205 244 155 244 273 120 195 200 243 135 75 272 223 7 148 230 196 162 272 22 50 273 182 222 140 172 139 137 51 131 201 237 124 100 267 173 93 161 281 6 5 35 7 211 51 269 54 229 180 113 146 129 99 18 13 48 30 112 63 62 45 67 193 290 95 57 95 130 151 240 39 233 142 219 166 132 83 38 142 32 196 199 171 31 133 136 92 226 36 252 103 202 92 252 56 74 277 221 112 55 227 133 53 18 38 37 293 129 229 10 255 77 1 20 200 137 78 169 201 295 2 264 252 245 224 207 36 277 116 2
195 282 23 160 31 41 16 262 172 178 257 95 154 124 78 142 275 47 170 177 61 48 68 9 297 282 96 70 36 179 196 61 255 59 68 0 197 247 63 291 275 184 171 156 206 29 47 188 274 175 42 236 149 104 91 284 21 197 98 154 200 55 184 250 44 225 98 72 19 99 13 123 251 200 33 277 158 256 274 231 9 19 174 29 173 22 208 61 109 268 235 275 77 297 120 37 19 73 251 10 242 24 125 67 8 89 26 158 50 234 88 33 55 59 255 113 33 104 219 173 206 167 62 295 280 71 165 110 24 89 172 33 62 141 73 213 87 190 284 85 225 125 298 21 69 52 193 81 9 250 42 4 4 92 46 146 214 244 65 106 74 139 268 231 211 123 90 20 93 256 46 155 179 215 3 286 121 99 61 272 49 186 277 260 113 238 107 142 28 100 58 77 243 255 91 82 23 28 187 146 108
50 51 224 56 85 196 32 59 75 34 21 72 74 291 177 65 168 128 40 211 241 191 92 200 279 27 281 177 272 223 267 68 122 238 144 197 0 223 129 172 233 23 54 27 276 91 81 15 249 264 60 37 121 228 297 167 215 102 167 118 57 167 117 51 122 212 103 193 113 38 242 249 28 224 75 111 233 92 199 192 70 235 100 184 139 104 172 66 17 292 31 144 70 57 239 235 215 88 176 113 152 81 88 296 284 118 45 211 268 251 111 243 237 143 8 220 127 127 168 223 297 114 77 294 3 214 23 21 241 259 18 218 272 202 246 51 232 254 124 43 286 7 209 112 68 184 152 123 47 9 246 157 83 236 293 299 13 233 238 71 208 95 190 238 1 37 198 171 272 17 152 219 139 278 295 107 42 172 29 264 187 27 57 197 188 239 21 188 188 90 287 35 288 105 71 172 123 277 59 245 298
184 26 1 297 158 124 246 272 71 282 24 245 238 200 13 68 201 183 122 136 28 176 258 61 292 83 135 147 80 214 117 104 191 167 141 247 223 0 108 116 165 181 137 258 217 142 28 33 191 177 232 249 257 270 63 241 273 273 150 232 189 34 97 235 45 42 201 92 148 40 56 85 142 58 76 255 78 105 267 12 151 214 278 68 243 178 216 228 11 150 97 33 12 119 267 172 211 297 176 168 249 272 281 228 235 156 291 68 157 88 134 117 248 191 148 25 76 181 146 234 86 83 275 147 94 90 79 83 122 60 22 163 295 65 226 134 190 95 106 288 18 163 177 76 191 230 277 84 274 155 63 13 208 256 75 235 164 80 3 280 260 170 152 243 149 294 76 290 227 174 58 246 21 72 283 60 158 13 206 113 229 183 48 168 29 100 299 270 114 143 101 12 43 276 229 45 263 202 100 252 163
177 277 267 14 292 255 206 262 20 278 20 166 30 277 248 128 34 203 178 197 299 94 278 274 90 200 122 241 231 62 214 2 232 285 132 63 129 108 0 262 29 185 204 76 219 190 198 191 7 146 177 180 158 229 288 45 111 228 213 227 148 84 218 213 72 45 74 107 156 244 269 172 34 193 46 4 210 140 213 90 285 237 291 71 103 96 196 149 284 252 22 155 156 253 287 238 115 14 2 79 135 154 242 64 148 214 92 252 126 15 62 142 253 35 186 298 247 290 224 133 244 62 192 263 295 9 133 84 298 30 75 164 237 70 183 84 28 140 185 215 183 25 149 150 272 40 264 100 94 49 86 279 166 162 155 139 186 50 274 297 181 74 7 71 266 145 191 249 211 175 84 53 112 80 258 114 97 287 270 273 283 59 214 236 40 60 68 9 246 179 160 186 72 227 268 176 89 156 15 61 114
136 8 276 160 148 299 219 100 147 149 71 128 288 170 54 75 159 263 164 249 298 59 166 4 193 3 138 274 152 117 124 130 155 50 8 291 172 116 262 0 66 73 117 158 65 108 67 41 218 58 40 10 248 221 22 101 56 17 263 31 241 61 130 23 34 155 6 50 64 106 103 95 180 15 47 75 143 297 179 181 83 257 124 259 292 35 51 297 8 271 112 99 145 88 276 3 51 110 259 244 188 95 226 55 93 182 195 218 110 264 117 209 58 161 64 239 57 267 70 254 185 148 286 21 43 168 253 60 198 146 234 160 228 116 284 209 149 220 97 36 244 189 92 7 252 54 203 225 268 44 62 74 203 206 53 87 34 187 102 174 103 207 63 120 218 256 143 298 140 205 183 244 208 249 262 143 76 233 56 63 129 251 255 119 69 16 51 28 35 256 14 92 196 168 79 156 50 40 267 253 239
23 48 101 295 225 74 56 179 242 154 171 4 212 197 152 165 224 26 86 293 37 206 60 33 194 47 242 5 135 6 294 7 111 228 58 275 233 165 29 66 0 104 151 255 252 259 134 278 176 277 280 10 17 221 61 197 231 162 193 227 236 19 17 91 286 156 85 252 221 69 160 200 250 57 292 252 284 277 293 241 244 288 81 260 29 201 135 254 194 181 146 165 32 15 24 66 188 179 299 14 175 195 50 220 177 183 211 180 29 126 127 121 160 44 34 157 59 173 87 11 276 167 20 236 217 291 264 216 137 11 241 12 163 194 293 200 166 294 51 251 52 106 173 255 258 174 86 154 187 224 104 255 39 275 110 148 136 25 153 294 206 116 48 297 49 173 140 35 291 272 244 219 108 178 40 155 259 154 222 277 161 103 213 206 129 264 233 281 93 10 265 96 296 256 110 240 138 273 223 290 31
236 122 187 193 64 119 252 180 72 81 243 134 214 72 213 127 123 154 46 243 242 205 181 24 188 75 176 252 278 196 79 235 269 91 90 184 23 181 185 73 104 0 268 103 187 237 76 124 78 154 223 211 164 33 105 212 137 147 83 132 121 208 123 59 77 99 15 126 159 238 249 287 224 217 19 104 82 140 70 15 133 143 282 91 22 249 11 29 43 161 153 33 209 187 47 204 72 121 58 293 257 62 268 298 269 129 255 47 122 63 161 169 200 121 217 112 74 55 90 110 141 226 210 131 29 252 274 192 58 163 280 217 244 127 143 75 186 244 189 158 11 18 28 123 130 283 197 159 186 63 274 122 227 199 5 202 131 155 47 121 153 108 83 225 163 209 18 141 42 252 242 212 171 217 52 83 134 260 34 181 216 281 168 233 15 27 95 228 70 2 206 103 157 161 295 43 57 81 128 265 67
275 86 221 204 240 237 228 76 241 90 266 197 286 41 44 202 30 134 172 20 100 234 288 38 40 242 188 245 188 28 219 255 155 158 78 171 54 137 204 117 151 268 0 211 164 232 245 69 134 89 168 145 102 44 213 189 94 202 194 293 115 11 12 286 118 46 237 102 135 87 26 206 220 134 77 46 189 88 291 61 8 270 223 233 254 61 115 105 98 137 148 254 196 67 221 106 111 145 97 215 93 210 75 15 149 135 121 231 128 190 299 235 44 6 241 69 166 204 109 197 217 132 38 49 286 31 27 171 121 242 182 24 3 130 259 196 155 203 190 68 287 22 298 92 134 87 258 253 174 240 68 46 163 272 222 73 134 60 161 23 66 256 144 185 221 145 135 136 265 161 224 85 162 252 78 285 226 28 97 77 28 118 94 19 241 134 84 240 224 60 254 21 227 183 288 249 235 253 58 76 64
64 209 36 102 156 131 38 121 230 186 234 121 272 257 60 251 126 90 229 89 257 140 246 184 265 223 95 154 233 157 160 256 90 208 229 156 27 258 76 158 255 103 211 0 179 48 105 146 93 87 261 140 289 109 299 3 270 293 93 214 40 127 256 49 169 14 146 63 202 192 55 166 79 15 42 236 246 233 138 3 169 23 232 167 292 67 109 25 145 166 29 37 281 196 48 205 131 92 123 205 46 11 107 84 199 207 146 79 62 153 252 222 159 68 184 50 189 263 103 251 229 199 244 138 289 217 47 217 189 96 223 219 48 21 263 175 238 115 80 254 270 269 43 149 240 224 41 245 154 77 66 154 128 268 219 152 292 25 283 40 24 263 56 262 218 212 49 238 292 130 182 131 42 258 9 59 237 92 94 202 24 43 214 153 161 233 231 136 175 96 109 95 41 133 55 223 274 10 3 203 60
194 249 170 39 207 236 42 53 3 261 77 229 69 178 73 73 45 16 6 142 62 198 299 258 129 46 256 5 1 269 169 279 58 36 190 206 276 217 219 65 252 187 164 179 0 7 88 245 236 208 250 156 185 203 155 45 65 70 8 98 58 9 97 14 108 247 75 124 224 276 98 45 155 238 76 243 217 12 60 86 79 228 249 242 11 231 125 104 151 292 201 27 171 5 53 222 213 254 297 284 149 19 250 205 249 263 250 119 32 271 10 217 296 162 284 33 138 214 243 60 254 178 230 224 11 83 148 99 241 177 225 119 260 113 174 240 68 151 200 214 185 242 83 107 145 45 248 67 89 103 81 252 52 213 253 156 121 108 286 25 10 184 134 183 82 90 258 17 33 173 221 59 117 62 288 115 250 133 175 182 24 286 137 78 264 54 26 225 235 57 55 53 288 22 260 54 86 61 106 186 81
41 247 161 125 140 131 165 75 41 115 264 137 199 28 179 296 223 208 136 207 196 245 293 55 193 33 218 221 260 22 230 3 192 56 90 29 91 142 190 108 259 237 232 48 7 0 150 227 260 256 51 79 187 172 71 63 104 225 213 4 126 243 175 147 259 88 44 137 191 213 185 126 78 272 216 117 71 220 212 210 235 265 186 16 227 75 6 265 36 44 174 162 206 85 223 32 202 19 78 295 30 267 152 215 206 284 156 161 177 5 144 271 76 207 229 106 279 227 177 208 102 155 44 19 276 172 200 65 267 277 146 110 48 262 283 160 267 175 82 12 15 277 133 124 156 217 259 57 31 191 133 260 182 64 25 64 230 153 294 3 233 174 121 298 290 274 120 180 154 146 294 72 194 267 127 54 168 265 299 99 185 233 51 76 218 211 42 48 32 218 67 244 110 229 40 190 270 207 287 266 203
283 110 64 53 257 5 76 132 10 63 72 169 125 51 160 138 60 232 108 74 272 216 214 149 115 135 108 150 195 164 278 253 20 195 134 47 81 28 198 67 134 76 245 105 88 150 0 136 256 217 226 251 214 84 74 259 66 249 235 67 263 271 61 109 234 243 17 81 287 190 61 210 57 62 190 293 149 21 268 79 61 191 157 192 156 151 249 15 74 73 216 25 157 146 111 94 251 2 63 281 179 35 23 214 247 294 159 290 232 173 194 244 68 71 259 236 231 230 77 167 46 210 199 120 203 174 277 24 227 143 46 85 13 293 159 288 64 287 44 99 278 296 28 292 268 97 244 258 10 62 273 93 10 141 106 126 297 228 44 274 165 206 24 252 12 175 224 93 213 13 271 163 196 132 47 59 51 278 87 147 74 94 131 46 79 158 209 87 31 167 93 14 30 153 200 51 164 73 212 166 133
151 206 154 155 277 239 34 102 132 103 168 155 131 224 176 213 233 285 128 206 153 86 274 155 265 114 215 119 95 277 68 122 104 168 121 188 15 33 191 41 278 124 69 146 245 227 136 0 193 62 27 104 123 122 253 261 259 198 59 138 32 163 238 284 209 34 248 15 209 120 10 138 284 52 127 285 65 156 291 209 229 43 257 105 73 192 277 87 126 276 217 285 232 22 1 238 149 86 1 31 247 140 129 195 180 109 262 145 24 83 274 289 36 154 46 203 63 72 285 144 222 108 259 163 176 134 232 140 126 165 175 108 236 169 9 69 2 244 3 5 89 212 285 251 202 276 42 40 276 16 228 64 181 193 184 199 91 5 64 237 190 99 228 5 114 11 144 184 99 47 156 114 120 253 186 19 144 253 108 4 101 203 57 143 292 257 253 88 283 100 290 290 90 34 66 34 66 133 292 117 268
186 31 260 62 253 148 65 89 111 72 164 299 105 119 234 193 29 282 35 20 212 58 147 45 208 190 191 4 10 290 106 112 48 254 249 274 249 191 7 218 176 78 134 93 236 260 256 193 0 141 99 12 273 130 287 233 2 219 27 166 222 209 141 63 266 239 254 186 265 23 115 25 143 216 273 230 162 3 201 100 172 42 293 13 116 217 39 128 101 85 169 160 33 50 15 246 222 13 172 129 127 56 243 123 175 28 171 267 122 38 225 49 229 297 64 44 32 18 194 161 34 66 32 227 29 155 222 34 53 29 287 27 151 196 206 50 211 120 6 233 197 238 220 52 174 14 233 265 169 99 56 53 7 35 100 294 65 261 132 182 216 247 228 96 125 71 23 31 66 160 224 263 184 160 299 278 75 76 241 159 176 150 189 5 266 75 30 122 260 287 28 217 177 101 103 104 36 175 97 244 240
296 85 159 290 225 280 141 79 77 122 84 294 170 39 106 232 159 128 180 203 28 68 217 145 181 41 187 281 187 77 71 244 228 32 93 175 264 177 146 58 277 154 89 87 208 256 217 62 141 0 170 297 290 172 154 215 169 84 54 233 22 254 113 2 115 118 239 110 123 247 170 193 106 205 95 4 186 6 38 184 16 285 59 73 149 226 100 185 23 16 102 102 146 90 113 135 90 174 284 126 92 101 12 91 135 52 11 71 195 57 174 108 157 234 123 190 191 88 270 223 34 61 74 67 98 99 273 194 192 163 220 126 24 97 275 151 77 168 127 28 144 65 261 251 108 42 241 34 86 261 199 261 192 256 266 238 92 165 192 270 248 254 243 138 298 206 299 19 107 113 104 232 121 203 112 157 218 194 293 81 192 131 282 44 69 44 152 228 266 181 118 299 22 239 263 173 219 231 240 222 210
99 195 210 22 42 81 281 39 281 253 202 6 41 175 267 39 90 49 132 170 78 31 7 225 177 20 206 192 123 168 298 233 260 47 271 42 60 232 177 40 280 223 168 261 250 51 226 27 99 170 0 189 255 163 140 196 13 92 227 120 136 39 184 43 151 257 263 280 41 142 117 51 61 37 185 20 280 103 171 101 169 129 155 141 98 71 279 134 5 154 145 178 207 208 297 7 242 263 77 204 117 117 108 243 120 265 283 240 237 175 44 161 97 220 214 108 225 231 286 16 192 72 296 66 157 5 256 182 174 116 215 218 207 276 154 167 12 291 17 72 79 170 291 294 201 196 105 201 33 274 198 97 244 56 169 292 232 156 48 88 54 284 91 17 251 14 96 102 36 198 146 106 120 150 269 36 233 30 189 266 6 88 168 211 201 81 57 67 275 215 245 36 200 106 67 106 159 222 244 82 295
36 2 168 178 21 38 167 91 271 14 154 134 231 204 248 48 62 237 56 122 71 82 268 196 250 197 144 97 165 258 278 210 13 112 17 236 37 249 180 10 10 211 145 140 156 79 251 104 12 297 189 0 159 104 258 235 142 104 4 74 229 33 205 127 270 169 292 252 236 237 295 21 47 148 234 178 153 201 90 213 128 92 222 235 197 94 292 49 202 23 123 81 141 276 150 35 112 253 211 284 63 189 40 54 259 167 210 231 85 130 107 260 23 237 14 38 237 196 176 205 100 204 20 6 129 59 70 168 238 249 237 35 43 281 125 225 72 242 143 83 88 10 52 91 151 64 274 201 87 40 6 140 79 226 184 92 111 18 273 111 227 25 268 53 200 158 228 27 3 25 194 104 128 192 123 103 47 9 216 15 8 173 99 33 113 50 86 86 23 213 263 56 168 166 288 98 107 278 203 220 62
24 200 207 273 222 227 196 253 217 185 173 185 190 168 179 207 7 53 1 26 103 54 55 203 247 206 231 211 33 114 104 227 248 72 176 149 121 257 158 248 17 164 102 289 185 187 214 123 273 290 255 159 0 119 110 55 183 166 89 8 206 162 7 200 109 235 113 34 143 189 23 35 112 211 155 256 53 275 292 88 129 49 167 199 69 171 90 163 247 35 172 10 230 196 262 120 258 7 120 11 64 159 122 220 125 41 31 71 192 256 152 104 78 193 105 20 122 228 169 69 143 163 21 267 213 148 13 118 170 176 125 106 277 28 128 114 196 267 165 94 227 4 34 252 36 99 27 73 105 65 47 89 282 105 121 260 41 219 240 160 85 102 126 218 91 128 156 147 296 230 104 140 247 41 185 204 194 86 242 226 217 259 222 80 247 11 196 219 43 154 276 79 284 90 132 195 238 157 233 146 193
117 136 152 220 166 177 272 238 57 284 260 121 48 16 244 264 71 72 25 244 176 214 13 16 4 267 93 288 276 79 71 41 257 298 44 104 228 270 229 221 221 33 44 109 203 172 84 122 130 172 163 104 119 0 288 247 37 171 70 241 101 80 98 3 7 257 192 252 208 213 203 192 197 251 158 37 210 20 64 198 290 84 100 224 131 179 261 251 189 30 198 218 127 125 245 18 186 15 76 134 234 76 131 127 297 83 7 60 48 197 204 42 266 97 217 85 219 130 155 257 273 196 158 211 46 56 294 177 74 138 108 204 158 4 87 252 1 50 36 214 269 214 148 221 88 91 192 96 69 102 250 94 258 57 231 291 109 96 103 31 94 99 133 210 226 56 86 41 151 44 194 64 142 33 176 16 121 245 249 52 5 32 137 4 299 22 50 109 268 4 193 267 137 249 243 173 220 173 190 176 162
