5 3
0 11 2 1 12 5 4 4 3 12 2
11 0 11 12 9 2 10 7 1 1 2
2 11 0 4 4 9 10 1 9 4 12
1 12 4 0 11 12 9 7 4 8 10
12 9 4 11 0 5 13 14 1 13 13
5 2 9 12 5 0 3 12 7 6 5
4 10 10 9 13 3 0 3 4 13 6
4 7 1 7 14 12 3 0 2 2 7
3 1 9 4 1 7 4 2 0 2 6
12 1 4 8 13 6 13 2 2 0 14
2 2 12 10 13 5 6 7 6 14 0